BLOCK_ID,SERVICE_TYPE_ID
190093,4
190094,4
190095,5
190096,5
190097,5
190098,5
190099,5
190100,5
190101,5
190102,5
190103,3
190104,3
190105,4
190106,4
190107,5
190108,5
190109,3
190110,3
190111,3
190112,3
190113,3
190114,4
190115,4
190116,5
190117,5
190118,5
190119,5
190120,3
190121,3
190122,4
190123,4
190124,4
190125,5
190126,5
190127,5
190128,5
190129,5
190130,5
190131,3
190132,3
190133,3
190134,4
190135,4
190136,3
190137,4
190138,5
190139,5
190140,5
190141,5
190142,3
190143,4
190144,4
190145,4
190146,11
190147,12
190148,12
190149,5
190150,5
190151,5
190152,5
190153,5
190154,3
190155,11
190156,5
190157,5
190158,5
190159,5
190160,5
190161,5
190162,3
190163,5
190164,5
190165,5
190166,3
190167,4
190168,5
190169,3
190170,4
190171,4
190172,5
190173,5
190174,5
190175,3
190176,4
190177,5
190178,4
190179,5
190180,5
190181,5
190182,3
190183,3
190184,4
190185,4
190186,4
190187,5
190188,5
190189,5
190190,5
190191,5
190192,3
190193,3
190194,3
190195,4
190196,5
190197,5
190198,5
190199,5
190200,5
190201,12
190202,3
190203,3
190204,4
190205,4
190206,4
190207,4
190208,5
190209,5
190210,5
190211,5
190212,5
190213,5
190214,3
190215,4
190216,5
190217,5
190218,5
190219,5
190220,3
190221,5
190222,3
190223,5
190224,5
190225,5
190226,5
190227,3
190228,4
190229,4
190230,4
190231,5
190232,5
190233,5
190234,4
190235,4
190236,4
190237,5
190238,5
190239,5
190240,5
190241,5
190242,3
190243,4
190244,4
190245,5
190246,5
190247,5
190248,5
190249,5
190250,5
190251,3
190252,3
190253,4
190254,5
190255,5
190256,4
190257,4
190258,4
190259,4
190260,5
190261,5
190262,5
190263,3
190264,4
190265,5
190266,5
190267,5
190268,5
190269,5
190270,3
190271,3
190272,4
190273,4
190274,4
190275,5
190276,5
190277,5
190278,5
190279,4
190280,4
190281,4
190282,5
190283,5
190284,5
190285,5
190286,5
190287,5
190288,5
190289,5
190290,3
190291,3
190292,4
190293,5
190294,11
190295,5
190296,4
190297,4
190298,4
190299,5
190300,5
190301,5
190302,5
190303,3
190304,4
190305,4
190306,4
190307,4
190308,5
190309,5
190310,5
190311,5
190312,3
190313,3
190314,5
190315,5
190316,5
190317,5
190318,5
190319,3
190320,3
190321,3
190322,3
190323,5
190324,5
190325,5
190326,3
190327,4
190328,4
190329,5
190330,5
190331,5
190332,5
190333,5
190334,5
190335,5
190336,5
190337,3
190338,3
190339,3
190340,4
190341,5
190342,11
190343,5
190344,5
190345,5
190346,3
190347,5
190348,3
190349,3
190350,3
190351,5
190352,5
190353,5
190354,5
190355,4
190356,5
190357,5
190358,5
190359,5
190360,5
190361,5
190362,5
190363,5
190364,3
190365,4
190366,5
190367,5
190368,5
190369,5
190370,5
190371,3
190372,3
190373,3
190374,4
190375,5
190376,5
190377,5
190378,5
190379,3
190380,3
190381,4
190382,4
190383,4
190384,5
190385,5
190386,5
190387,5
190388,5
190389,5
190390,5
190391,11
190392,5
190393,3
190394,3
190395,3
190396,3
190397,5
190398,5
190399,5
190400,3
190401,3
190402,4
190403,5
190404,5
190405,5
190406,5
190407,5
190408,3
190409,3
190410,5
190411,5
190412,5
190413,5
190414,5
190415,5
190416,5
190417,11
190418,5
190419,3
190420,4
190421,4
190422,4
190423,4
190424,5
190425,11
190426,5
190427,5
190428,5
190429,3
190430,5
190431,5
190432,5
190433,5
190434,3
190435,3
190436,3
190437,3
190438,4
190439,5
190440,5
190441,5
190442,5
190443,3
190444,3
190445,3
190446,3
190447,4
190448,5
190449,5
190450,5
190451,5
190452,5
190453,5
190454,5
190455,3
190456,3
190457,3
190458,5
190459,3
190460,3
190461,3
190462,5
190463,5
190464,5
190465,5
190466,5
190467,5
190468,3
190469,3
190470,5
190471,5
190472,5
190473,5
190474,5
190475,5
190476,4
190477,4
190478,5
190479,5
190480,11
190481,5
190482,5
190483,5
190484,5
190485,5
190486,3
190487,4
190488,5
190489,5
190490,11
190491,4
190492,5
190493,5
190494,4
190495,5
190496,5
190497,5
190498,4
190499,5
190500,5
190501,5
190502,5
190503,5
190504,3
190505,3
190506,3
190507,3
190508,4
190509,4
190510,4
190511,4
190512,5
190513,5
190514,5
190515,4
190516,5
190517,5
190518,5
190519,5
190520,5
190521,3
190522,3
190523,4
190524,4
190525,5
190526,5
190527,5
190528,5
190529,5
190530,3
190531,4
190532,4
190533,5
190534,5
190535,11
190536,5
190537,5
190538,5
190539,3
190540,3
190541,3
190542,4
190543,5
190544,5
190545,5
190546,5
190547,5
190548,5
190549,5
190550,5
190551,3
190552,5
190553,5
190554,5
190555,3
190556,3
190557,3
190558,3
190559,4
190560,4
190561,5
190562,5
190563,3
190564,4
190565,4
190566,5
190567,5
190568,5
190569,5
190570,5
190571,3
190572,3
190573,5
190574,3
190575,4
190576,4
190577,5
190578,5
190579,5
190580,5
190581,5
190582,5
190583,5
190584,12
190585,5
190586,3
190587,3
190588,4
190589,5
190590,5
190591,5
190592,5
190593,4
190594,5
190595,5
190596,5
190597,3
190598,3
190599,3
190600,4
190601,5
190602,5
190603,4
190604,4
190605,4
190606,5
190607,5
190608,11
190609,5
190610,5
190611,3
190612,4
190613,4
190614,5
190615,5
190616,5
190617,3
190618,3
190619,4
190620,4
190621,5
190622,5
190623,5
190624,5
190625,3
190626,5
190627,5
190628,5
190629,5
190630,5
190631,5
190632,5
190633,5
190634,5
190635,5
190636,5
190637,5
190638,5
190639,3
190640,3
190641,3
190642,3
190643,3
190644,4
190645,4
190646,5
190647,5
190648,5
190649,5
190650,5
190651,5
190652,5
190653,3
190654,4
190655,4
190656,4
190657,5
190658,5
190659,5
190660,5
190661,12
190662,5
190663,3
190664,3
190665,3
190666,4
190667,4
190668,4
190669,4
190670,4
190671,5
190672,5
190673,5
190674,5
190675,11
190676,5
190677,3
190678,3
190679,3
190680,4
190681,4
190682,5
190683,5
190684,11
190685,5
190686,5
190687,3
190688,3
190689,3
190690,3
190691,3
190692,4
190693,5
190694,5
190695,5
190696,3
190697,3
190698,3
190699,5
190700,5
190701,5
190702,5
190703,5
190704,5
190705,3
190706,3
190707,3
190708,4
190709,4
190710,5
190711,5
190712,5
190713,5
190714,5
190715,3
190716,3
190717,3
190718,4
190719,4
190720,4
190721,5
190722,5
190723,5
190724,5
190725,5
190726,3
190727,5
190728,5
190729,5
190730,3
190731,3
190732,4
190733,4
190734,5
190735,5
190736,5
190737,5
190738,5
190739,3
190740,5
190741,11
190742,5
190743,5
190744,5
190745,3
190746,4
190747,5
190748,5
190749,5
190750,5
190751,11
190752,11
190753,5
190754,4
190755,4
190756,5
190757,5
190758,5
190759,11
190760,3
190761,3
190762,3
190763,4
190764,5
190765,5
190766,5
190767,5
190768,5
190769,5
190770,5
190771,5
190772,5
190773,3
190774,4
190775,4
190776,5
190777,5
190778,5
190779,5
190780,5
190781,3
190782,5
190783,5
190784,3
190785,5
190786,4
190787,4
190788,4
190789,4
190790,5
190791,5
190792,5
190793,3
190794,3
190795,3
190796,4
190797,4
190798,5
190799,5
190800,3
190801,3
190802,3
190803,4
190804,5
190805,5
190806,5
190807,3
190808,3
190809,3
190810,4
190811,5
190812,5
190813,5
190814,5
190815,5
190816,4
190817,4
190818,5
190819,5
190820,5
190821,3
190822,3
190823,4
190824,5
190825,5
190826,5
190827,5
190828,5
190829,5
190830,3
190831,4
190832,5
190833,5
190834,5
190835,5
190836,5
190837,3
190838,3
190839,4
190840,4
190841,4
190842,4
190843,5
190844,5
190845,5
190846,5
190847,3
190848,3
190849,3
190850,3
190851,3
190852,4
190853,5
190854,5
190855,11
190856,3
190857,4
190858,4
190859,4
190860,4
190861,5
190862,5
190863,5
190864,5
190865,5
190866,3
190867,3
190868,3
190869,4
190870,4
190871,5
190872,5
190873,5
190874,3
190875,3
190876,3
190877,4
190878,4
190879,5
190880,3
190881,3
190882,5
190883,5
190884,5
190885,5
190886,5
190887,5
190888,3
190889,4
190890,4
190891,4
190892,5
190893,5
190894,5
190895,5
190896,3
190897,3
190898,4
190899,3
190900,5
190901,5
190902,5
190903,5
190904,3
190905,3
190906,3
190907,5
190908,5
190909,4
190910,4
190911,5
190912,5
190913,5
190914,5
190915,5
190916,3
190917,4
190918,5
190919,4
190920,3
190921,5
190922,3
190923,5
190924,5
190925,5
190926,3
190927,4
190928,5
190929,5
190930,5
190931,3
190932,5
190933,5
190934,5
190935,5
190936,3
190937,3
190938,3
190939,4
190940,5
190941,5
190942,5
190943,5
190944,3
190945,3
190946,3
190947,4
190948,4
190949,5
190950,5
190951,5
190952,3
190953,3
190954,3
190955,5
190956,5
190957,5
190958,5
190959,5
190960,5
190961,3
190962,4
190963,4
190964,5
190965,5
190966,3
190967,4
190968,4
190969,4
190970,5
190971,5
190972,5
190973,5
190974,5
190975,5
190976,5
190977,3
190978,4
190979,5
190980,5
190981,5
190982,3
190983,3
190984,4
190985,4
190986,4
190987,4
190988,4
190989,3
190990,3
190991,3
190992,3
190993,4
190994,4
190995,5
190996,5
190997,5
190998,5
190999,5
191000,4
191001,4
191002,4
191003,5
191004,11
191005,5
191006,5
191007,5
191008,5
191009,5
191010,4
191011,4
191012,5
191013,5
191014,5
191015,5
191016,5
191017,5
191018,3
191019,3
191020,4
191021,4
191022,4
191023,5
191024,5
191025,11
191026,3
191027,4
191028,4
191029,4
191030,5
191031,5
191032,11
191033,3
191034,3
191035,4
191036,4
191037,4
191038,5
191039,5
191040,5
191041,5
191042,5
191043,5
191044,5
191045,3
191046,4
191047,4
191048,5
191049,5
191050,3
191051,4
191052,5
191053,5
191054,4
191055,5
191056,5
191057,5
191058,5
191059,5
191060,3
191061,3
191062,5
191063,5
191064,5
191065,5
191066,3
191067,3
191068,3
191069,4
191070,4
191071,5
191072,5
191073,5
191074,5
191075,5
191076,3
191077,4
191078,5
191079,11
191080,5
191081,5
191082,5
191083,5
191084,3
191085,4
191086,4
191087,4
191088,4
191089,4
191090,5
191091,5
191092,3
191093,3
191094,4
191095,5
191096,5
191097,11
191098,5
191099,5
191100,5
191101,5
191102,5
191103,5
191104,5
191105,5
191106,3
191107,3
191108,4
191109,4
191110,5
191111,5
191112,5
191113,5
191114,3
191115,4
191116,4
191117,4
191118,5
191119,5
191120,5
191121,5
191122,5
191123,5
191124,3
191125,3
191126,3
191127,3
191128,5
191129,5
191130,3
191131,3
191132,3
191133,3
191134,3
191135,4
191136,4
191137,5
191138,5
191139,5
191140,3
191141,3
191142,3
191143,3
191144,4
191145,4
191146,4
191147,5
191148,5
191149,5
191150,5
191151,5
191152,5
191153,5
191154,5
191155,5
191156,5
191157,5
191158,4
191159,5
191160,5
191161,5
191162,3
191163,5
191164,5
191165,5
191166,3
191167,3
191168,3
191169,5
191170,5
191171,4
191172,5
191173,5
191174,5
191175,5
191176,4
191177,4
191178,5
191179,5
191180,5
191181,5
191182,5
191183,5
191184,5
191185,3
191186,3
191187,3
191188,4
191189,4
191190,4
191191,5
191192,5
191193,5
191194,5
191195,5
191196,5
191197,5
191198,5
191199,5
191200,5
191201,11

